133.62 74.67 10 -1.84 -1.32 3.15 0.00 0.00 -0.01 23 133.62 74.67
123.00 72.86 18 -8.83 6.42 2.42 1.82 -3.11 -5.37 23 123.00 72.86     
121.22 75.76 12 -2.71 -0.48 3.19 -1.46 0.72 -1.09 24 121.22 75.76   
125.59 78.76 15 -1.13 -0.02 1.15 -0.49 -0.12 -0.56 24 125.59 78.76
134.50 76.02 15 -1.85 -0.65 2.50 -0.37 0.41 -0.46 24 134.50 76.02    
129.14 74.39 15 -4.61 0.45 4.16 -2.81 -2.64 0.59 23 129.14 74.39       
125.78 77.64 15 -3.75 -0.08 3.83 1.04 -1.56 -0.84 25 125.78 77.64      
133.90 75.72 15 -1.32 0.10 1.22 0.01 0.23 -0.20 24 133.90 75.72    
136.66 73.08 15 -1.04 0.06 0.98 0.00 0.00 0.10 24 136.66 73.08       
124.10 79.25 15 -8.72 0.57 8.15 -2.17 -3.13 -4.26 24 124.10 79.25     
125.30 78.74 15 -1.83 0.05 1.78 -0.90 -0.49 -0.56 24 125.30 78.74      
125.97 78.85 15 -4.01 0.66 3.35 2.71 1.68 -0.91 23 125.97 78.85         
125.93 78.32 15 -5.56 -1.30 6.86 -0.32 3.24 2.53 23 125.93 78.32    
135.07 75.53 15 -4.27 1.20 3.07 -0.12 -3.01 -1.22 24 135.07 75.53        
134.84 74.31 15 -3.16 -0.28 3.44 -2.51 2.71 0.94 23 134.84 74.31       
134.16 75.25 14 -3.40 -0.37 3.77 -2.37 -0.89 -1.49 23 134.16 75.25
140.17 70.86 14 -0.79 -1.68 2.48 0.22 -0.62 1.07 23 140.17 70.86  
125.86 78.52 18 -1.87 0.22 1.64 -0.80 -1.02 -0.89 23 125.86 78.52   
124.07 79.60 12 -2.30 0.32 1.97 0.19 0.60 -0.57 23 124.07 79.60
124.08 79.42 12 -1.21 0.10 1.10 -0.09 0.37 -0.27 24 124.08 79.42 

















