longitude,latitude,magnitude
128.0,77.5,6.75
100.0,80.0,5.6
130.5124,70.5397,6.4
127.0,77.0,6.0
127.0,77.0,6.0
125.0,74.0,5.75
117.0,80.0,5.6
128.9387,70.2211,6.57
128.731,70.0937,6.73
128.0,70.5,6.0
128.0,70.5,6.25
126.0,70.0,5.6
129.9732,71.9745,5.4
113.421,75.5749,4.46
126.3361,78.0259,6.34
120.8,76.1,4.3
132.7739,74.5972,4.66
132.2177,78.3504,4.56
126.4711,77.9119,4.4
121.4373,79.8202,4.55
126.5035,76.8573,4.3
124.2681,76.0839,4.21
131.2626,76.4843,5.53
131.2876,76.5793,4.66
124.8722,77.3959,4.43
134.2656,75.0645,4.69
132.6,71.9,3.8
134.8486,73.2549,4.76
114.0,75.0,4.5
147.085,74.286,5.0
123.1526,73.1829,4.78
124.2488,79.248,4.31
127.147,70.767,5.2
126.228,78.041,4.8
136.058,71.24,4.3
124.4,72.8,3.3
141.2,74.3,3.8
130.845,76.893,4.7
134.379,75.22800000000002,5.0
146.695,74.145,4.2
122.5227,73.0967,5.4
120.3221,75.1381,4.35
126.4897,77.719,4.5
122.823,72.944,4.5
122.5931,75.4521,5.53
122.1326,75.5224,4.69
125.482,77.7502,4.56
135.0822,74.1571,5.02
134.6081,74.413,4.51
122.9974,79.92699999999998,4.69
126.5285,78.0619,5.13
111.2832,75.5686,4.65
125.1562,72.625,4.78
146.0367,76.1443,4.67
126.2354,78.8108,5.32
134.4253,76.3898,5.62
119.0494,73.6651,4.65
118.6337,73.5446,5.09
131.1687,74.6225,5.1
125.6397,77.5723,6.12
129.5464,76.4306,4.44
130.3,71.69,1.1
129.46,70.79,2.0
126.77,70.44,2.3
128.34,70.92,1.4
128.97,71.58,1.1
128.84,71.53,0.9
127.49,70.56,1.6
127.57,70.34,2.1
128.58,70.62,1.9
130.05,71.87,0.7
134.2724,76.0549,5.3
133.7663,76.0705,4.65
130.49,71.83,0.8
130.56,71.71,1.1
130.57,71.77,0.5
130.74,72.28,0.4
131.01,72.36,0.1
130.39,71.48,1.1
130.55,72.3,0.4
134.3548,76.5724,4.0
128.44,72.22,0.8
131.1,72.33,0.2
129.07,72.19,1.2
130.85,72.21,0.3
134.3712,76.1,4.58
133.6874,76.3192,4.34
134.6698,73.2911,5.51
113.096,75.092,5.1
134.2725,75.9895,4.29
126.8703,72.1393,5.3
126.74,72.17,5.0
123.7646,79.8123,4.8
124.1204,79.6393,4.8
127.006,79.3261,4.48
125.0062,75.9108,4.98
124.5021,79.1405,5.96
123.2295,78.8532,4.48
125.1401,79.421,3.88
125.638,78.873,5.5
124.4503,79.143,4.99
130.0173,71.6569,4.82
126.2422,78.1913,4.81
131.6524,77.0688,4.76
126.2579,77.9918,4.33
126.4101,77.6296,5.08
128.3065,71.7043,3.94
145.5634,76.2857,4.63
123.2509,79.3524,4.47
132.135,72.538,4.3
113.7533,74.7694,4.16
132.1287,73.2723,3.62
130.52,71.48,3.3
134.9807,75.8078,5.65
110.473,75.443, 0.1
126.786,72.252, 0.1
126.3352,72.4153,4.41
126.3851,72.1409,3.3
125.9972,72.3147,3.71
125.7561,72.304,3.58
126.215,72.42, 0.1
134.24200000000002,75.868,3.69
125.3809,77.1204,4.3
134.458,75.6041,3.94
133.0928,75.8471,3.67
148.53,71.58,3.9
131.75,74.82,3.5
117.7104,72.979,3.74
143.0521,73.8677,3.86
125.7174,78.4545,4.85
126.0812,78.4804,5.63
123.879,78.703,3.1
129.3527,71.6282,3.55
131.3838,75.3823,3.8
131.3958,74.2996,3.7
129.3323,72.6399,4.42
133.5702,74.3219,3.9
133.9647,75.8163,3.94
128.5956,71.9274,3.61
129.5592,71.7425,3.59
121.6594,75.4492,4.05
124.2103,79.2426,4.79
134.3638,75.9644,4.32
122.8794,79.6625,3.9
123.6839,79.7199,4.23
122.979,79.7473,3.67
122.7435,79.7312,4.31
131.4799,75.7397,3.58
113.5921,73.9593,3.86
147.066,74.1932,4.5
124.3565,78.9814,4.43
132.611,75.5181,3.63
130.6374,73.9914,3.53
124.016,72.675,4.7
113.8787,73.7723,4.11
114.8199,79.5147,3.5
143.6872,75.687,3.87
139.5681,70.702,3.77
140.0503,70.3482,3.59
133.9206,74.8476,4.12
132.1,72.1,2.4
138.9,71.3,2.9
125.3243,77.4155,3.75
125.1857,77.6348,3.85
124.7759,72.5333,3.7
131.763,75.9978,3.98
125.3516,72.3714,3.5
123.184,79.5354,3.96
143.0,70.6,2.6
135.2526,74.3116,4.41
134.8308,74.0544,4.82
134.41,74.083,0.0
133.5084,76.2882,3.4
126.681,77.979,0.0
130.25,73.06,2.7
140.53,70.86,1.6
122.9271,79.9648,3.5
127.42,71.82,1.1
134.559,74.078,4.8
129.11,72.31,1.7
130.4,71.91,1.7
128.24,72.32,1.7
114.5,73.8,3.9
130.24,71.52,2.0
130.21,71.75,2.0
131.33,71.93,2.0
125.33,73.0,2.0
131.15,72.01,1.4
123.19,72.79,1.4
138.49,71.42,2.4
130.42,71.47,2.4
134.8,71.73,1.5
129.72,71.02,1.4
129.71,71.15,1.5
131.52,72.1,2.6
130.79,72.37,2.5
129.7,71.09,1.8
135.81,70.49,1.6
133.23,75.0,4.2
129.78,71.45,1.3
131.93,70.97,3.0
123.44,72.06,2.2
123.9652,79.9036,3.83
138.71,71.12,1.4
129.68,72.41,2.2
129.55,72.46,1.8
130.8403,76.4745,4.39
132.8,73.7,1.9
132.7,73.5,1.6
140.3,70.8,2.1
131.76,70.73,1.3
131.5,70.7,1.8
127.0,70.7,1.3
123.87,72.69,1.8
132.0,70.55,1.2
134.2,71.3,1.9
130.61,72.85,2.2
137.41899999999998,74.021,2.8
142.7,70.6,2.1
124.45,72.97,2.3
130.93,72.68,2.0
134.1,71.3,1.8
135.1,73.7,2.1
133.53,70.57,1.6
133.95,70.84,1.6
129.15,71.1,3.1
130.35,70.3,1.2
135.1,73.8,1.7
132.31,74.679,0.0
129.0,74.5,2.2
121.39,72.31,2.9
125.52,73.74,3.2
146.9688,74.2566,3.47
131.93,71.3,2.1
131.8,71.24,2.8
128.91,70.88,1.9
125.07,70.01,1.7
132.47,71.0,1.7
134.84,70.67,2.1
134.47,72.06,2.0
127.053,77.764,3.3
124.86,72.04,2.0
131.16,71.11,1.5
131.2,70.63,1.9
126.41,70.11,2.1
126.512,77.753,4.5
140.1881,70.0628,4.53
140.5,70.11,1.4
122.6,73.09,2.7
125.657,78.815,4.3
129.95,70.76,2.1
130.04,70.84,1.9
129.87,70.72,3.0
129.87,70.75,2.3
129.74,70.67,2.8
129.66,70.66,2.4
129.71,70.72,1.5
123.47,77.433,4.0
125.154,72.584,3.9
130.16,70.03,2.1
125.7669,72.2656,3.87
125.8918,72.2166,4.4
124.86,70.34,1.8
133.86,70.36,1.5
131.06,72.09,2.7
135.79,74.11,3.1
140.1,70.81,2.0
131.01,72.13,3.3
127.08,72.86,3.3
140.1,70.7,2.9
124.3,73.1,2.2
137.7,70.7,2.2
127.99,73.01,2.8
138.11,70.79,1.9
132.89,71.6,2.4
134.79,71.95,2.1
133.11,71.79,2.1
114.59,73.94,3.8
128.69,70.97,2.1
128.37,71.32,2.2
132.21,72.28,2.1
124.53,72.28,2.9
136.84,70.77,1.8
115.67,73.19,3.4
135.72,73.31,2.4
131.54,71.75,2.3
133.13,71.1,1.4
125.63,72.93,2.5
133.994,74.84899999999998,3.5
143.08,73.44,2.4
138.24,73.52,3.1
133.65,70.87,1.6
131.085,77.097,4.3
138.15,71.43,2.0
133.9345,75.3815,5.0
134.16,71.63,2.1
134.7,75.9,3.8
139.85,70.81,2.7
131.47,70.89,2.6
143.48,70.67,2.7
140.72,73.27,2.7
140.42,70.71,3.1
131.19,71.33,2.2
138.36,71.22,2.1
132.03,71.43,2.0
122.9,72.79,2.3
131.18,71.41,1.9
123.22,73.2,2.6
129.43,71.95,2.2
148.2815,73.5411,3.6
127.311,78.613,3.0
132.15,71.47,1.8
131.96,71.79,2.5
134.631,73.26100000000002,4.5
131.27,72.21,2.7
130.04,70.74,1.9
140.45,70.85,2.0
136.29,74.56,2.56
136.76,73.08,1.89
130.48,71.3,1.9
140.32,70.87,3.2
129.86,70.57,1.33
127.72,70.73,3.3
135.69,72.03,1.9
135.4171,75.9082,3.4
140.01,70.75,4.2
129.86,70.83,1.8
129.04,71.8,1.78
130.31,70.13,1.8
140.95,70.09,1.8
130.14,70.08,1.89
126.54,72.8,2.17
135.71,70.46,1.56
142.52,73.22,2.9
141.55,71.47,1.44
122.6422,73.1102,3.75
123.308,72.942,4.9
132.0435,75.6585,3.81
132.6,75.79,3.8
132.9118,74.9351,3.8
133.5561,75.0473,3.58
133.335,74.807,4.9
137.94,71.36,2.1
138.16,71.39,1.33
124.176,79.8051,3.8
137.84,71.42,1.9
128.901,71.688,4.6
129.2,71.78,2.6
129.25,71.79,2.3
131.37,70.31,1.56
125.3744,77.3985,3.69
140.55,70.82,1.61
136.3,70.39,1.8
128.85,71.14,1.9
130.66,71.3,2.7
141.22,71.36,1.9
128.19,72.08,2.5
135.71,74.72,2.8
130.6,71.27,1.9
130.1122,71.2571,3.73
128.4226,78.4511,3.3
135.83,70.5,1.9
125.96,72.93,2.7
125.11,72.47,2.1
125.08,72.32,2.3
124.83,72.4,2.4
124.97,72.68,2.2
129.69,74.08,2.3
124.5248,79.2861,3.54
130.28,71.14,2.4
123.36,73.14,3.1
123.24,73.25,3.3
120.688,72.77600000000002,4.1
120.95,72.82,3.4
122.58,73.06,2.4
122.86,73.28,2.3
124.01,73.6,2.2
121.29,72.813,4.8
123.34,73.39,2.4
123.9,73.69,2.9
131.5127,74.752,3.8
130.4745,76.2696,3.76
133.381,75.0137,3.6
134.586,74.27600000000002,4.4
132.939,74.39699999999998,4.9
134.082,75.4522,3.7
132.21,71.46,2.4
129.27,70.82,2.3
124.16,79.361,4.5
144.23,72.35,2.6
142.15,72.65,2.2
140.96,71.21,2.4
132.91,71.87,2.6
132.98,72.47,1.8
143.4139,72.3062,3.43
123.592,79.203,4.0
131.2,70.5,2.4
123.03,71.07,1.8
130.94,70.16,2.0
129.1,71.69,2.3
134.42,73.81,2.5
130.19,72.23,1.9
130.04,72.22,2.2
142.53,75.05,2.4
122.27,72.15,3.2
122.2,72.71,2.6
131.79,73.89,2.8
130.57,70.31,1.8
139.04,72.92,1.9
135.53,73.43,2.4
135.88,72.83,2.3
135.67,74.42,2.6
131.96,70.78,1.9
131.69,71.03,1.8
129.28,71.01,2.3
136.4507,74.8776,4.55
136.79,74.79,2.2
136.429,75.135,4.4
136.7595,74.8066,3.87
136.94,74.61,2.6
138.34,72.41,1.8
123.9943,79.7141,3.65
128.33,70.15,2.1
140.0,74.0,1.8
130.98,70.34,1.9
129.72,74.19,2.3
135.73,74.87,2.3
127.0148,77.64399999999998,3.58
123.9758,79.1154,4.36
133.95,70.08,2.0
135.98,72.9,2.0
135.02,72.42,1.9
125.59,73.69,2.0
134.77,72.28,1.8
136.12,73.0,2.8
136.24,73.06,2.3
136.17,72.83,2.8
132.86,71.55,2.2
140.07,71.49,2.3
135.41,72.8,2.0
131.01,71.26,2.1
130.59,72.14,2.5
123.75,72.63,2.4
121.0455,79.9804,3.4
141.02,71.02,2.7
128.87,73.64,2.0
123.78,72.89,2.6
129.947,74.318,4.3
136.28,73.87,2.5
141.11,70.3,2.4
133.29,71.89,2.9
126.4874,77.9014,4.24
129.6209,74.1099,3.91
136.09,72.85,3.4
131.54,70.42,2.3
141.06,70.41,2.7
140.27,70.82,2.9
116.4306,75.2738,3.4
130.05,73.9,2.7
129.95,73.86,2.1
146.13,70.1,1.9
130.59,71.28,2.1
133.1593,74.4374,3.65
137.07,71.73,2.8
132.3474,75.9508,4.5
127.41,75.81,3.2
133.4011,76.2069,4.6
129.6752,77.168,4.6
130.6313,76.4711,3.6
129.7242,77.0579,3.6
123.99,76.05,2.7
123.99,76.1,2.7
127.53,72.17,2.1
125.03,73.4,2.0
132.46,73.18,3.2
128.9529,72.2186,2.8
125.9616,78.8131,3.5
128.0312,71.9033,0.5
129.4174,72.5453,1.2
143.4504,70.3883,1.5
139.9411,70.7772,3.5
126.53,72.6885,2.4
126.0225,73.5669,2.5
125.54,73.48,2.4
132.3,74.31,3.1
123.5456,72.6794,1.3
124.8066,73.3521,3.57
123.3482,72.5432,2.0
123.3933,72.5485,1.9
123.51,72.48,1.9
123.4439,72.6403,1.2
123.5254,72.5319,1.0
123.7382,72.7673,1.5
123.58,72.71,1.9
123.715,72.6101,2.7
123.6,72.63,1.8
124.33,73.1,3.0
124.01,72.93,2.3
123.7142,72.837,1.3
123.188,72.9136,1.1
136.8352,71.7502,2.0
130.77,70.15,1.8
125.02,72.54,2.1
123.5946,72.5649,1.0
138.3439,70.7075,1.5
130.0121,72.1493,1.8
130.91,71.0,2.0
125.5177,72.2949,0.8
131.9216,71.3684,1.6
140.0522,70.8144,4.71
140.1187,70.8129,1.4
139.9579,70.7956,2.2
133.37,74.92,3.0
126.21,72.93,2.5
137.765,70.8612,2.9
125.32,70.243,1.5
134.23,74.5,2.4
125.0144,72.8929,2.2
125.8323,78.5264,4.82
136.2175,70.8805,1.7
130.83,71.51,2.9
134.3834,72.146,1.6
126.3882,72.1988,1.4
125.8371,77.2387,3.41
135.2059,72.4049,1.4
134.67,73.26,2.2
134.84,72.41,2.2
124.72,72.5,2.4
124.67,72.47,2.4
130.56,71.34,2.3
130.63,73.3,2.9
137.79,74.34,2.3
129.51,73.08,2.1
130.4642,74.2143,4.4
128.84,70.79,3.0
132.4183,77.2041,3.57
137.33,70.76,1.8
137.64,70.98,1.9
131.26,73.28,2.1
132.18,70.24,2.3
142.48,70.05,2.1
127.98,70.1,2.3
127.99,72.21,2.3
137.84,71.54,1.9
124.91,71.87,2.5
138.1004,70.0176,3.97
138.18,70.01,2.3
125.08,72.92,1.9
132.97,74.16,2.3
133.85,74.49,2.3
123.11,72.35,2.4
111.97,74.6,4.1
132.86,71.6,2.0
133.4,72.4,2.1
133.74,72.3,2.1
122.66,72.75,2.0
130.82,71.49,2.5
116.36,74.16,2.4
123.62,72.6,2.5
116.94,73.74,2.4
127.8,75.6,2.6
132.4,74.01,2.6
140.02,71.21,2.1
137.09,70.67,2.4
136.93,74.53,3.1
131.99,70.05,1.8
127.96,72.19,2.4
126.25,72.2,2.0
128.3024,70.2498,4.6
132.25,72.66,2.4
128.98,71.96,2.1
134.0855,74.8326,4.3
129.43,70.83,2.2
122.87,72.5,2.3
127.04,73.73,1.9
116.64,73.19,2.0
143.28,72.12,2.2
141.96,71.79,2.1
143.36,73.31,2.7
139.69,70.76,1.8
144.5,73.16,2.4
126.65,73.49,1.8
117.49,73.43,2.7
137.05,74.18,2.4
131.22,75.92,2.7
134.52,75.56,2.7
136.01,74.28,2.3
127.66,75.81,2.3
116.8,72.62,2.6
142.49,71.14,3.0
131.85,73.2,2.1
124.7,72.33,2.4
130.57,71.72,2.2
131.81,74.3,1.9
127.98,72.07,2.4
129.16,71.92,2.2
125.67,72.25,2.1
127.45,71.74,1.8
129.05,71.53,2.4
129.05,71.64,1.8
137.65,70.18,2.1
129.32,70.14,2.1
133.3,74.38,2.3
133.05,74.42,2.4
132.38,74.19,2.3
134.511,74.8268,4.0
126.94,71.97,2.3
126.01,72.56,1.9
133.91,70.45,2.1
130.52,71.43,2.9
126.58,72.84,2.7
134.93,72.74,2.0
132.28,72.45,1.8
146.04,70.15,1.8
130.07,72.19,1.8
137.94,70.16,1.9
132.6589,74.545,3.62
131.9,70.55,2.6
130.36,71.84,2.1
114.5735,73.9196,3.6
129.25,71.54,4.0
129.85,71.89,2.4
126.53,72.16,1.9
129.75,70.77,2.4
130.6,71.53,2.1
132.57,72.1,2.4
132.15,71.71,1.9
122.78,72.32,2.6
131.53,71.37,1.8
133.7944,74.64399999999998,3.5
126.41,72.52,2.1
129.79,72.3,1.9
129.77,72.3,1.8
129.64,72.28,1.9
126.6,73.06,1.9
127.79,75.74,2.8
124.47,72.49,2.2
124.6821,72.7583,4.0
124.48,72.53,2.4
124.5,72.58,2.3
124.8,72.55,1.9
124.61,72.54,1.8
126.66,73.0,2.4
124.65,72.43,2.2
124.84,72.5,2.5
116.53,73.32,2.3
129.29,70.05,2.0
133.18,74.47,2.7
139.03,70.63,1.8
146.09,70.61,2.3
139.98,70.84,2.1
140.11,70.87,1.8
127.79,72.04,1.9
141.46,70.33,2.2
114.0561,74.4033,4.21
125.48,73.26,1.9
125.34,72.64,2.7
124.8,72.71,1.8
130.3,71.93,2.3
131.1,71.34,1.9
124.73,72.68,2.3
125.07,72.68,2.0
128.05,70.35,2.2
128.05,71.96,2.0
127.46,70.1,2.1
128.01,72.64,2.7
127.2,72.18,2.2
129.26,71.64,2.3
129.16,71.63,2.1
129.27,71.65,1.8
129.25,71.65,1.8
129.3,71.65,2.2
124.88,72.58,2.0
128.55,73.27,2.1
125.22,72.9,2.4
124.96,72.86,2.0
130.67,71.56,1.8
125.48,72.5,2.3
137.95,71.38,2.5
130.18,71.83,2.1
131.66,72.07,1.8
128.0,71.99,1.8
129.15,71.62,2.4
144.92,72.4,2.7
126.99,71.66,2.9
138.86,70.07,2.1
131.71,71.2,3.2
118.96,71.68,1.8
127.7396,71.9898,4.4
127.84,72.11,1.8
128.0057,70.7952,3.5
123.48,71.97,2.4
123.79,71.96,1.8
123.59,71.95,2.5
128.0839,71.9893,3.4
131.05,71.83,2.2
125.56,72.17,1.9
123.32,71.98,1.8
122.52,71.42,1.8
126.97,74.2,2.2
129.19,73.97,2.6
133.8758,72.1417,4.1
126.23,70.19,1.9
127.16,72.36,2.1
125.64,73.64,2.2
128.0,70.32,2.0
130.8,73.86,2.4
139.52,75.69,1.8
129.23,70.29,2.2
129.03,72.27,2.6
129.12,72.3,2.1
125.28,72.23,2.4
117.47,75.74,1.8
123.8181,79.40100000000002,4.6
124.08,72.15,1.8
130.69,71.77,2.2
127.45,72.22,2.0
127.54,72.26,2.3
123.75,72.31,2.2
123.68,72.23,1.9
132.02,71.82,3.0
139.76,70.53,2.3
129.99,70.13,2.1
136.73,71.28,3.7
131.53,71.01,2.4
131.52,74.94,2.8
128.01,70.1,2.4
126.43,70.17,2.4
132.49,71.1,2.0
123.61,73.98,3.7
130.82,71.49,3.2
134.4512,71.9804,4.4
133.43,71.61,2.7
133.87,71.87,2.3
135.27,70.22,1.8
129.85,74.07,2.2
125.39,73.05,1.8
125.59,73.07,1.9
125.48,73.11,2.2
125.26,72.97,2.7
125.62,73.04,1.9
127.98,70.15,2.4
140.2,70.95,2.9
124.81,72.84,2.2
125.4,73.04,1.8
125.61,73.0,2.2
128.33,70.14,1.9
143.77,73.73,2.2
126.37,71.89,2.4
130.44,71.01,2.7
128.59,70.45,1.9
135.19,73.32,1.9
134.22,74.83,2.4
139.89,70.67,2.1
123.36,72.52,2.0
134.1194,76.212,3.4
123.9058,79.4127,5.4
110.1978,75.493,4.8
138.4826,71.4671,4.3
136.1071,77.328,3.6
132.231,76.0592,3.7
